partiesfile version 1
451 451
 1 0 0 p_main_party Main_Party 1048576 0 0 41 0 0 0 0 0 17.000000 52.500000 17.000000 52.500000 17.000000 52.500000 0.0 1 0 1 0 0 
0.000000
 1 1 1 p_temp_party {!}temp_party 256 0 0 1 0 0 0 0 0 0.000000 0.000000 0.000000 0.000000 0.000000 0.000000 0.0 0 
0.000000
 1 2 2 p_camp_bandits {!}camp_bandits 256 0 0 2 0 0 0 0 0 1.000000 1.000000 1.000000 1.000000 1.000000 1.000000 0.0 1 3 3 0 0 
0.000000
 1 3 3 p_temp_party_2 {!}temp_party_2 256 0 0 1 0 0 0 0 0 0.000000 0.000000 0.000000 0.000000 0.000000 0.000000 0.0 0 
0.000000
 1 4 4 p_temp_casualties {!}casualties 256 0 0 3 0 0 0 0 0 1.000000 1.000000 1.000000 1.000000 1.000000 1.000000 0.0 0 
0.000000
 1 5 5 p_temp_casualties_2 {!}casualties 256 0 0 3 0 0 0 0 0 1.000000 1.000000 1.000000 1.000000 1.000000 1.000000 0.0 0 
0.000000
 1 6 6 p_temp_casualties_3 {!}casualties 256 0 0 3 0 0 0 0 0 1.000000 1.000000 1.000000 1.000000 1.000000 1.000000 0.0 0 
0.000000
 1 7 7 p_temp_wounded {!}enemies_wounded 256 0 0 3 0 0 0 0 0 1.000000 1.000000 1.000000 1.000000 1.000000 1.000000 0.0 0 
0.000000
 1 8 8 p_temp_killed {!}enemies_killed 256 0 0 3 0 0 0 0 0 1.000000 1.000000 1.000000 1.000000 1.000000 1.000000 0.0 0 
0.000000
 1 9 9 p_main_party_backup {!}_ 256 0 0 3 0 0 0 0 0 1.000000 1.000000 1.000000 1.000000 1.000000 1.000000 0.0 0 
0.000000
 1 10 10 p_encountered_party_backup {!}_ 256 0 0 3 0 0 0 0 0 1.000000 1.000000 1.000000 1.000000 1.000000 1.000000 0.0 0 
0.000000
 1 11 11 p_collective_friends_backup {!}_ 256 0 0 3 0 0 0 0 0 1.000000 1.000000 1.000000 1.000000 1.000000 1.000000 0.0 0 
0.000000
 1 12 12 p_player_casualties {!}_ 256 0 0 3 0 0 0 0 0 1.000000 1.000000 1.000000 1.000000 1.000000 1.000000 0.0 0 
0.000000
 1 13 13 p_enemy_casualties {!}_ 256 0 0 3 0 0 0 0 0 1.000000 1.000000 1.000000 1.000000 1.000000 1.000000 0.0 0 
0.000000
 1 14 14 p_ally_casualties {!}_ 256 0 0 3 0 0 0 0 0 1.000000 1.000000 1.000000 1.000000 1.000000 1.000000 0.0 0 
0.000000
 1 15 15 p_collective_enemy {!}collective_enemy 256 0 0 3 0 0 0 0 0 1.000000 1.000000 1.000000 1.000000 1.000000 1.000000 0.0 0 
0.000000
 1 16 16 p_collective_ally {!}collective_ally 256 0 0 3 0 0 0 0 0 1.000000 1.000000 1.000000 1.000000 1.000000 1.000000 0.0 0 
0.000000
 1 17 17 p_collective_friends {!}collective_ally 256 0 0 3 0 0 0 0 0 1.000000 1.000000 1.000000 1.000000 1.000000 1.000000 0.0 0 
0.000000
 1 18 18 p_total_enemy_casualties {!}_ 256 0 0 3 0 0 0 0 0 1.000000 1.000000 1.000000 1.000000 1.000000 1.000000 0.0 0 
0.000000
 1 19 19 p_routed_enemies {!}routed_enemies 256 0 0 3 0 0 0 0 0 1.000000 1.000000 1.000000 1.000000 1.000000 1.000000 0.0 0 
0.000000
 1 20 20 p_freelancer_party_backup {!} 256 0 0 3 0 0 0 0 0 1.000000 1.000000 1.000000 1.000000 1.000000 1.000000 0.0 0 
0.000000
 1 21 21 p_zendar Zendar 2114828 0 0 3 0 0 0 0 0 18.000000 60.000000 18.000000 60.000000 18.000000 60.000000 0.0 0 
0.000000
 1 22 22 p_town_1 London 4220127 0 0 3 0 0 0 0 0 -203.415000 53.675000 -203.415000 53.675000 -203.415000 53.675000 0.0 0 
2.967060
 1 23 23 p_town_2 Stockholm 4219939 0 0 3 0 0 0 0 0 -139.080000 84.090000 -139.080000 84.090000 -139.080000 84.090000 0.0 0 
2.094395
 1 24 24 p_town_3 Paris 4220127 0 0 3 0 0 0 0 0 -180.847000 24.873500 -180.847000 24.873500 -180.847000 24.873500 0.0 0 
1.396263
 1 25 25 p_town_4 Bordeaux 4220127 0 0 3 0 0 0 0 0 -203.018000 9.563800 -203.018000 9.563800 -203.018000 9.563800 0.0 0 
5.061455
 1 26 26 p_town_5 Sevilla 4220127 0 0 3 0 0 0 0 0 -221.710000 -35.350000 -221.710000 -35.350000 -221.710000 -35.350000 0.0 0 
1.570796
 1 27 27 p_town_6 Naples 4220127 0 0 3 0 0 0 0 0 -153.440000 -21.029300 -153.440000 -21.029300 -153.440000 -21.029300 0.0 0 
2.705260
 1 28 28 p_town_7 Vienna 4220127 0 0 3 0 0 0 0 0 -138.570000 17.114900 -138.570000 17.114900 -138.570000 17.114900 0.0 0 
4.188790
 1 29 29 p_town_8 Frankfurt 4220127 0 0 3 0 0 0 0 0 -163.640000 30.260000 -163.640000 30.260000 -163.640000 30.260000 0.0 0 
3.054326
 1 30 30 p_town_9 Krakow 4220127 0 0 3 0 0 0 0 0 -124.899000 30.200100 -124.899000 30.200100 -124.899000 30.200100 0.0 0 
1.570796
 1 31 31 p_town_10 Moscow 4219939 0 0 3 0 0 0 0 0 -54.338300 68.698100 -54.338300 68.698100 -54.338300 68.698100 0.0 0 
5.410521
 1 32 32 p_town_11 Vinice 4220127 0 0 3 0 0 0 0 0 -151.291000 -0.957392 -151.291000 -0.957392 -151.291000 -0.957392 0.0 0 
2.617994
 1 33 33 p_town_12 Rome 4220127 0 0 3 0 0 0 0 0 -157.476000 -13.081000 -157.476000 -13.081000 -157.476000 -13.081000 0.0 0 
0.436332
 1 34 34 p_town_13 Algiers 4220127 0 0 3 0 0 0 0 0 -188.377000 -43.726600 -188.377000 -43.726600 -188.377000 -43.726600 0.0 0 
1.047198
 1 35 35 p_town_14 Tripoli 4220127 0 0 3 0 0 0 0 0 -166.653000 -62.821800 -166.653000 -62.821800 -166.653000 -62.821800 0.0 0 
2.356194
 1 36 36 p_town_15 UlanBato 4219918 0 0 3 0 0 0 0 0 97.238900 48.121500 97.238900 48.121500 97.238900 48.121500 0.0 0 
0.785398
 1 37 37 p_town_16 XiAn 4219916 0 0 3 0 0 0 0 0 119.473000 -10.673400 119.473000 -10.673400 119.473000 -10.673400 0.0 0 
0.000000
 1 38 38 p_town_17 Yingtian 4219916 0 0 3 0 0 0 0 0 159.620000 -35.660000 159.620000 -35.660000 159.620000 -35.660000 0.0 0 
1.570796
 1 39 39 p_town_18 Shuntian 4219916 0 0 3 0 0 0 0 0 150.725000 15.108800 150.725000 15.108800 150.725000 15.108800 0.0 0 
2.356194
 1 40 40 p_town_19 Istanbul 4220127 0 0 3 0 0 0 0 0 -92.410900 -12.098800 -92.410900 -12.098800 -92.410900 -12.098800 0.0 0 
0.785398
 1 41 41 p_town_20 Caro 4220127 0 0 3 0 0 0 0 0 -81.946500 -68.318800 -81.946500 -68.318800 -81.946500 -68.318800 0.0 0 
4.712389
 1 42 42 p_town_21 Jerusalem 4220127 0 0 3 0 0 0 0 0 -60.365600 -52.627200 -60.365600 -52.627200 -60.365600 -52.627200 0.0 0 
5.759586
 1 43 43 p_town_22 Baghdad 4220127 0 0 3 0 0 0 0 0 -33.259600 -53.023100 -33.259600 -53.023100 -33.259600 -53.023100 0.0 0 
3.926991
 1 44 44 p_town_23 Kyoto 4220139 0 0 3 0 0 0 0 0 228.480000 -12.610000 228.480000 -12.610000 228.480000 -12.610000 0.0 0 
1.570796
 1 45 45 p_town_24 Dehli 4219918 0 0 3 0 0 0 0 0 46.901300 -71.054000 46.901300 -71.054000 46.901300 -71.054000 0.0 0 
0.785398
 1 46 46 p_town_25 Kafa 4219918 0 0 3 0 0 0 0 0 -68.867800 4.153940 -68.867800 4.153940 -68.867800 4.153940 0.0 0 
0.785398
 1 47 47 p_town_26 Astana 4219918 0 0 3 0 0 0 0 0 14.954700 58.542200 14.954700 58.542200 14.954700 58.542200 0.0 0 
0.785398
 1 48 48 p_town_27 Lisben 4220127 0 0 3 0 0 0 0 0 -230.566000 -27.898400 -230.566000 -27.898400 -230.566000 -27.898400 0.0 0 
2.967060
 1 49 49 p_town_28 Tenochtitlan 4220128 0 0 3 0 0 0 0 0 -541.380000 -90.880000 -541.380000 -90.880000 -541.380000 -90.880000 0.0 0 
0.785398
 1 50 50 p_town_29 Barcelona 4220127 0 0 3 0 0 0 0 0 -188.940000 -14.737000 -188.940000 -14.737000 -188.940000 -14.737000 0.0 0 
3.926991
 1 51 51 p_town_30 York 4220127 0 0 3 0 0 0 0 0 -205.209000 61.807800 -205.209000 61.807800 -205.209000 61.807800 0.0 0 
3.926991
 1 52 52 p_town_31 Marseilles 4220127 0 0 3 0 0 0 0 0 -176.966000 0.651269 -176.966000 0.651269 -176.966000 0.651269 0.0 0 
3.926991
 1 53 53 p_town_32 Oslo 4220127 0 0 3 0 0 0 0 0 -164.433000 76.469700 -164.433000 76.469700 -164.433000 76.469700 0.0 0 
3.926991
 1 54 54 p_town_33 Vilnius 4220127 0 0 3 0 0 0 0 0 -112.738000 56.388000 -112.738000 56.388000 -112.738000 56.388000 0.0 0 
3.926991
 1 55 55 p_town_34 lvbeike 4220127 0 0 3 0 0 0 0 0 -153.086000 50.428500 -153.086000 50.428500 -153.086000 50.428500 0.0 0 
3.926991
 1 56 56 p_town_35 Ankara 4220127 0 0 3 0 0 0 0 0 -70.128100 -21.565100 -70.128100 -21.565100 -70.128100 -21.565100 0.0 0 
3.926991
 1 57 57 p_town_36 Alepo 4220127 0 0 3 0 0 0 0 0 -46.699000 -36.360700 -46.699000 -36.360700 -46.699000 -36.360700 0.0 0 
3.926991
 1 58 58 p_town_37 Smolensk 4220127 0 0 3 0 0 0 0 0 -84.694100 57.381700 -84.694100 57.381700 -84.694100 57.381700 0.0 0 
3.926991
 1 59 59 p_town_38 Kabuer 4220127 0 0 3 0 0 0 0 0 7.400560 -28.213000 7.400560 -28.213000 7.400560 -28.213000 0.0 0 
3.926991
 1 60 60 p_town_39 Chunpei 4219918 0 0 3 0 0 0 0 0 106.397000 -84.198800 106.397000 -84.198800 106.397000 -84.198800 0.0 0 
0.785398
 1 61 61 p_town_40 Hansuwng 4219916 0 0 3 0 0 0 0 0 188.344000 5.158880 188.344000 5.158880 188.344000 5.158880 0.0 0 
0.000000
 1 62 62 p_town_41 Jingzhou 4219916 0 0 3 0 0 0 0 0 135.622000 -46.619300 135.622000 -46.619300 135.622000 -46.619300 0.0 0 
0.000000
 1 63 63 p_town_42 Aksu 4219918 0 0 3 0 0 0 0 0 58.390000 5.810000 58.390000 5.810000 58.390000 5.810000 0.0 0 
0.785398
 1 64 64 p_town_43 Edinburg 4220127 0 0 3 0 0 0 0 0 -206.798000 67.635400 -206.798000 67.635400 -206.798000 67.635400 0.0 0 
3.926991
 1 65 65 p_castle_1 Bominhan 4216053 0 0 3 0 0 0 0 0 -209.965000 53.772800 -209.965000 53.772800 -209.965000 53.772800 0.0 0 
0.872665
 1 66 66 p_castle_2 Bristol 4216053 0 0 3 0 0 0 0 0 -214.942000 48.747200 -214.942000 48.747200 -214.942000 48.747200 0.0 0 
1.308997
 1 67 67 p_castle_3 Dublin 4216053 0 0 3 0 0 0 0 0 -225.948000 58.761800 -225.948000 58.761800 -225.948000 58.761800 0.0 0 
1.745329
 1 68 68 p_castle_4 Kar 4215844 0 0 3 0 0 0 0 0 -148.578000 74.033700 -148.578000 74.033700 -148.578000 74.033700 0.0 0 
3.141593
 1 69 69 p_castle_5 Copenhagen 4216034 0 0 3 0 0 0 0 0 -153.781000 58.412200 -153.781000 58.412200 -153.781000 58.412200 0.0 0 
1.570796
 1 70 70 p_castle_6 Flensburg 4216034 0 0 3 0 0 0 0 0 -163.222000 56.118100 -163.222000 56.118100 -163.222000 56.118100 0.0 0 
0.959931
 1 71 71 p_castle_7 Goteborg 4215844 0 0 3 0 0 0 0 0 -157.882000 72.031900 -157.882000 72.031900 -157.882000 72.031900 0.0 0 
0.785398
 1 72 72 p_castle_8 Rouen 4215838 0 0 3 0 0 0 0 0 -189.234000 34.673600 -189.234000 34.673600 -189.234000 34.673600 0.0 0 
0.523599
 1 73 73 p_castle_9 Reon 4215838 0 0 3 0 0 0 0 0 -200.175000 31.689600 -200.175000 31.689600 -200.175000 31.689600 0.0 0 
1.745329
 1 74 74 p_castle_10 Toulouse 4216046 0 0 3 0 0 0 0 0 -190.573000 6.203370 -190.573000 6.203370 -190.573000 6.203370 0.0 0 
1.919862
 1 75 75 p_castle_11 Madrid 4216047 0 0 3 0 0 0 0 0 -211.231000 -19.851300 -211.231000 -19.851300 -211.231000 -19.851300 0.0 0 
1.308997
 1 76 76 p_castle_12 Volencia 4216048 0 0 3 0 0 0 0 0 -195.510000 -27.864500 -195.510000 -27.864500 -195.510000 -27.864500 0.0 0 
1.658063
 1 77 77 p_castle_13 Sihong 4216035 0 0 3 0 0 0 0 0 -222.792000 0.693164 -222.792000 0.693164 -222.792000 0.693164 0.0 0 
2.007129
 1 78 78 p_castle_14 Milan 4216054 0 0 3 0 0 0 0 0 -165.493000 -0.551126 -165.493000 -0.551126 -165.493000 -0.551126 0.0 0 
1.570796
 1 79 79 p_castle_15 Palermo 4216055 0 0 3 0 0 0 0 0 -163.616000 -34.812200 -163.616000 -34.812200 -163.616000 -34.812200 0.0 0 
4.101524
 1 80 80 p_castle_16 Amsterdam 4216033 0 0 3 0 0 0 0 0 -172.786000 47.017700 -172.786000 47.017700 -172.786000 47.017700 0.0 0 
0.785398
 1 81 81 p_castle_17 Florenca 4216033 0 0 3 0 0 0 0 0 -160.564000 -6.693730 -160.564000 -6.693730 -160.564000 -6.693730 0.0 0 
0.261799
 1 82 82 p_castle_18 Ragusa 4216033 0 0 3 0 0 0 0 0 -135.700000 -12.780000 -135.700000 -12.780000 -135.700000 -12.780000 0.0 0 
5.235988
 1 83 83 p_castle_19 Irakliom 4216033 0 0 3 0 0 0 0 0 -112.111000 -46.932200 -112.111000 -46.932200 -112.111000 -46.932200 0.0 0 
4.886922
 1 84 84 p_castle_20 Nicosia 4216033 0 0 3 0 0 0 0 0 -69.706700 -41.524300 -69.706700 -41.524300 -69.706700 -41.524300 0.0 0 
4.537856
 1 85 85 p_castle_21 Berne 4216034 0 0 3 0 0 0 0 0 -167.024000 14.983600 -167.024000 14.983600 -167.024000 14.983600 0.0 0 
4.537856
 1 86 86 p_castle_22 Hamburg 4215838 0 0 3 0 0 0 0 0 -162.031000 47.557100 -162.031000 47.557100 -162.031000 47.557100 0.0 0 
4.537856
 1 87 87 p_castle_23 Leipzig 4216033 0 0 3 0 0 0 0 0 -139.860000 39.590000 -139.860000 39.590000 -139.860000 39.590000 0.0 0 
1.396263
 1 88 88 p_castle_24 Prague 4216036 0 0 3 0 0 0 0 0 -135.839000 29.274400 -135.839000 29.274400 -135.839000 29.274400 0.0 0 
4.537856
 1 89 89 p_castle_25 Zagreb 4216037 0 0 3 0 0 0 0 0 -137.178000 7.010490 -137.178000 7.010490 -137.178000 7.010490 0.0 0 
4.537856
 1 90 90 p_castle_26 Warsaw 4216042 0 0 3 0 0 0 0 0 -114.942000 43.170000 -114.942000 43.170000 -114.942000 43.170000 0.0 0 
4.537856
 1 91 91 p_castle_27 Poznan 4216042 0 0 3 0 0 0 0 0 -132.666000 48.235900 -132.666000 48.235900 -132.666000 48.235900 0.0 0 
4.537856
 1 92 92 p_castle_28 Kiev 4216042 0 0 3 0 0 0 0 0 -87.223900 36.595200 -87.223900 36.595200 -87.223900 36.595200 0.0 0 
4.537856
 1 93 93 p_castle_29 Weryodi 4216042 0 0 3 0 0 0 0 0 -110.453000 73.674500 -110.453000 73.674500 -110.453000 73.674500 0.0 0 
4.886922
 1 94 94 p_castle_30 Leref 4215838 0 0 3 0 0 0 0 0 -80.081500 69.354000 -80.081500 69.354000 -80.081500 69.354000 0.0 0 
4.537856
 1 95 95 p_castle_31 Saratov 4215838 0 0 3 0 0 0 0 0 -25.359500 38.486300 -25.359500 38.486300 -25.359500 38.486300 0.0 0 
4.537856
 1 96 96 p_castle_32 kazan 4215838 0 0 3 0 0 0 0 0 -16.072000 53.051500 -16.072000 53.051500 -16.072000 53.051500 0.0 0 
4.537856
 1 97 97 p_castle_33 Perth 4216033 0 0 3 0 0 0 0 0 -123.094000 10.514000 -123.094000 10.514000 -123.094000 10.514000 0.0 0 
1.396263
 1 98 98 p_castle_34 Athens 4216050 0 0 3 0 0 0 0 0 -109.255000 -29.474700 -109.255000 -29.474700 -109.255000 -29.474700 0.0 0 
4.537856
 1 99 99 p_castle_35 Bucharest 4216044 0 0 3 0 0 0 0 0 -98.877300 2.106470 -98.877300 2.106470 -98.877300 2.106470 0.0 0 
4.537856
 1 100 100 p_castle_36 Miras 4215841 0 0 3 0 0 0 0 0 -95.617300 -30.140100 -95.617300 -30.140100 -95.617300 -30.140100 0.0 0 
4.537856
 1 101 101 p_castle_37 Nisia 4216053 0 0 3 0 0 0 0 0 -89.331800 -18.974700 -89.331800 -18.974700 -89.331800 -18.974700 0.0 0 
4.537856
 1 102 102 p_castle_38 Tabriz 4215841 0 0 3 0 0 0 0 0 -19.065900 -8.289290 -19.065900 -8.289290 -19.065900 -8.289290 0.0 0 
4.537856
 1 103 103 p_castle_39 Kaseri 4215841 0 0 3 0 0 0 0 0 -51.801300 -21.751900 -51.801300 -21.751900 -51.801300 -21.751900 0.0 0 
4.886922
 1 104 104 p_castle_40 Damascus 4215841 0 0 3 0 0 0 0 0 -49.572100 -48.026100 -49.572100 -48.026100 -49.572100 -48.026100 0.0 0 
4.537856
 1 105 105 p_castle_41 Trabzon 4216045 0 0 3 0 0 0 0 0 -57.311300 -9.163630 -57.311300 -9.163630 -57.311300 -9.163630 0.0 0 
4.537856
 1 106 106 p_castle_42 Thessaloniki 4215841 0 0 3 0 0 0 0 0 -108.580000 -13.902100 -108.580000 -13.902100 -108.580000 -13.902100 0.0 0 
1.396263
 1 107 107 p_castle_43 Dehran 4215841 0 0 3 0 0 0 0 0 -2.850480 -13.900300 -2.850480 -13.900300 -2.850480 -13.900300 0.0 0 
4.537856
 1 108 108 p_castle_44 Ryazan 4215838 0 0 3 0 0 0 0 0 -57.294800 43.668300 -57.294800 43.668300 -57.294800 43.668300 0.0 0 
4.537856
 1 109 109 p_castle_45 Alsh_abad 4215841 0 0 3 0 0 0 0 0 12.586200 -9.790840 12.586200 -9.790840 12.586200 -9.790840 0.0 0 
4.537856
 1 110 110 p_castle_46 Isfahan 4215841 0 0 3 0 0 0 0 0 -24.789300 -38.056400 -24.789300 -38.056400 -24.789300 -38.056400 0.0 0 
4.537856
 1 111 111 p_castle_47 Kerman 4215841 0 0 3 0 0 0 0 0 -3.885140 -46.257500 -3.885140 -46.257500 -3.885140 -46.257500 0.0 0 
4.537856
 1 112 112 p_castle_48 Hohhot 4215841 0 0 3 0 0 0 0 0 116.424000 25.827600 116.424000 25.827600 116.424000 25.827600 0.0 0 
4.537856
 1 113 113 p_castle_49 Undurkhaan 4215841 0 0 3 0 0 0 0 0 120.141000 37.514100 120.141000 37.514100 120.141000 37.514100 0.0 0 
1.745329
 1 114 114 p_castle_50 Khovd 4215841 0 0 3 0 0 0 0 0 63.888400 37.432200 63.888400 37.432200 63.888400 37.432200 0.0 0 
1.919862
 1 115 115 p_castle_51 Kumul 4215821 0 0 3 0 0 0 0 0 76.583600 15.459300 76.583600 15.459300 76.583600 15.459300 0.0 0 
1.308997
 1 116 116 p_castle_52 Caganbugd 4215841 0 0 3 0 0 0 0 0 91.967200 26.660700 91.967200 26.660700 91.967200 26.660700 0.0 0 
1.658063
 1 117 117 p_castle_53 Chengdu 4215821 0 0 3 0 0 0 0 0 112.425000 -30.522700 112.425000 -30.522700 112.425000 -30.522700 0.0 0 
2.007129
 1 118 118 p_castle_54 JiNan 4215821 0 0 3 0 0 0 0 0 150.680000 -10.850000 150.680000 -10.850000 150.680000 -10.850000 0.0 0 
1.570796
 1 119 119 p_castle_55 Quanzhou 4215821 0 0 3 0 0 0 0 0 155.922000 -55.849600 155.922000 -55.849600 155.922000 -55.849600 0.0 0 
4.101524
 1 120 120 p_castle_56 Changsha 4215821 0 0 3 0 0 0 0 0 135.858000 -36.460000 135.858000 -36.460000 135.858000 -36.460000 0.0 0 
4.537856
 1 121 121 p_castle_57 Lanzhou 4215821 0 0 3 0 0 0 0 0 105.994000 3.566050 105.994000 3.566050 105.994000 3.566050 0.0 0 
4.537856
 1 122 122 p_castle_58 Taiyuan 4215821 0 0 3 0 0 0 0 0 127.500000 10.000000 127.500000 10.000000 127.500000 10.000000 0.0 0 
4.537856
 1 123 123 p_castle_59 Edo 4216043 0 0 3 0 0 0 0 0 248.440000 0.930000 248.440000 0.930000 248.440000 0.930000 0.0 0 
4.886922
 1 124 124 p_castle_60 Nagasaki 4216043 0 0 3 0 0 0 0 0 198.735000 -20.943800 198.735000 -20.943800 198.735000 -20.943800 0.0 0 
4.537856
 1 125 125 p_castle_61 Tottori_ken 4216043 0 0 3 0 0 0 0 0 215.532000 -13.021100 215.532000 -13.021100 215.532000 -13.021100 0.0 0 
1.396263
 1 126 126 p_castle_62 Fez 4216061 0 0 3 0 0 0 0 0 -218.286000 -48.887400 -218.286000 -48.887400 -218.286000 -48.887400 0.0 0 
4.537856
 1 127 127 p_castle_63 Tunisia 4216062 0 0 3 0 0 0 0 0 -170.814000 -45.931500 -170.814000 -45.931500 -170.814000 -45.931500 0.0 0 
4.537856
 1 128 128 p_castle_64 Oran 4216063 0 0 3 0 0 0 0 0 -201.976000 -48.582300 -201.976000 -48.582300 -201.976000 -48.582300 0.0 0 
4.537856
 1 129 129 p_castle_65 Waco 4215845 0 0 3 0 0 0 0 0 -537.420000 -19.970000 -537.420000 -19.970000 -537.420000 -19.970000 0.0 0 
4.537856
 1 130 130 p_castle_66 Kiaha 4215845 0 0 3 0 0 0 0 0 -498.970000 -8.000000 -498.970000 -8.000000 -498.970000 -8.000000 0.0 0 
4.537856
 1 131 131 p_castle_67 Kentucky 4215845 0 0 3 0 0 0 0 0 -517.740000 6.070000 -517.740000 6.070000 -517.740000 6.070000 0.0 0 
4.537856
 1 132 132 p_castle_68 Havana 4215838 0 0 3 0 0 0 0 0 -466.100000 -70.610000 -466.100000 -70.610000 -466.100000 -70.610000 0.0 0 
4.537856
 1 133 133 p_castle_69 Bortu 4216046 0 0 3 0 0 0 0 0 -231.630000 -13.480900 -231.630000 -13.480900 -231.630000 -13.480900 0.0 0 
4.537856
 1 134 134 p_castle_70 Marade 4216046 0 0 3 0 0 0 0 0 -273.670000 -60.150000 -273.670000 -60.150000 -273.670000 -60.150000 0.0 0 
4.537856
 1 135 135 p_castle_71 Yedkushile 4215841 0 0 3 0 0 0 0 0 -68.980500 13.703500 -68.980500 13.703500 -68.980500 13.703500 0.0 0 
4.537856
 1 136 136 p_castle_72 Chandigarh 4216063 0 0 3 0 0 0 0 0 27.540200 -57.740900 27.540200 -57.740900 27.540200 -57.740900 0.0 0 
4.537856
 1 137 137 p_castle_73 Jaipur 4216063 0 0 3 0 0 0 0 0 46.227000 -82.854100 46.227000 -82.854100 46.227000 -82.854100 0.0 0 
4.537856
 1 138 138 p_castle_74 Capur 4216063 0 0 3 0 0 0 0 0 66.056300 -75.051300 66.056300 -75.051300 66.056300 -75.051300 0.0 0 
4.537856
 1 139 139 p_castle_75 Mandalay 4215841 0 0 3 0 0 0 0 0 89.595400 -72.578000 89.595400 -72.578000 89.595400 -72.578000 0.0 0 
4.537856
 1 140 140 p_castle_76 Qianjiang_ 4215841 0 0 3 0 0 0 0 0 124.230000 -95.510000 124.230000 -95.510000 124.230000 -95.510000 0.0 0 
4.537856
 1 141 141 p_castle_77 Ha_Noi 4215841 0 0 3 0 0 0 0 0 124.123000 -81.362400 124.123000 -81.362400 124.123000 -81.362400 0.0 0 
4.537856
 1 142 142 p_castle_78 Guangzhou 4215821 0 0 3 0 0 0 0 0 188.096000 -2.475450 188.096000 -2.475450 188.096000 -2.475450 0.0 0 
4.537856
 1 143 143 p_castle_79 Pyongyang 4215821 0 0 3 0 0 0 0 0 184.700000 11.713500 184.700000 11.713500 184.700000 11.713500 0.0 0 
4.537856
 1 144 144 p_castle_80 Shuangchengwei 4215821 0 0 3 0 0 0 0 0 194.414000 43.702900 194.414000 43.702900 194.414000 43.702900 0.0 0 
4.537856
 1 145 145 p_castle_81 Sacahewei 4215821 0 0 3 0 0 0 0 0 168.087000 43.971600 168.087000 43.971600 168.087000 43.971600 0.0 0 
4.537856
 1 146 146 p_castle_82 Nuergandusi 4215821 0 0 3 0 0 0 0 0 238.864000 75.293800 238.864000 75.293800 238.864000 75.293800 0.0 0 
4.537856
 1 147 147 p_castle_83 Karaganda 4215841 0 0 3 0 0 0 0 0 27.141700 37.491800 27.141700 37.491800 27.141700 37.491800 0.0 0 
4.537856
 1 148 148 p_castle_84 Atero 4215841 0 0 3 0 0 0 0 0 -15.273300 25.984000 -15.273300 25.984000 -15.273300 25.984000 0.0 0 
4.537856
 1 149 149 p_castle_85 Syvansto 4215841 0 0 3 0 0 0 0 0 -77.970000 1.470000 -77.970000 1.470000 -77.970000 1.470000 0.0 0 
4.537856
 1 150 150 p_castle_86 Tollan 4216032 0 0 3 0 0 0 0 0 -547.310000 -57.370000 -547.310000 -57.370000 -547.310000 -57.370000 0.0 0 
4.537856
 1 151 151 p_castle_87 Tehuacan 4216032 0 0 3 0 0 0 0 0 -545.670000 -110.900000 -545.670000 -110.900000 -545.670000 -110.900000 0.0 0 
4.537856
 1 152 152 p_castle_88 Mictlan 4216032 0 0 3 0 0 0 0 0 -529.920000 -125.000000 -529.920000 -125.000000 -529.920000 -125.000000 0.0 0 
4.537856
 1 153 153 p_castle_89 Canpech 4216032 0 0 3 0 0 0 0 0 -500.000000 -105.000000 -500.000000 -105.000000 -500.000000 -105.000000 0.0 0 
4.537856
 1 154 154 p_castle_90 Tikal 4216032 0 0 3 0 0 0 0 0 -499.000000 -125.000000 -499.000000 -125.000000 -499.000000 -125.000000 0.0 0 
4.537856
 1 155 155 p_castle_91 Vera_Cruz 4215838 0 0 3 0 0 0 0 0 -525.060000 -90.420000 -525.060000 -90.420000 -525.060000 -90.420000 0.0 0 
4.537856
 1 156 156 p_castle_92 Yasuer 4216046 0 0 3 0 0 0 0 0 -319.540000 -13.190000 -319.540000 -13.190000 -319.540000 -13.190000 0.0 0 
4.537856
 1 157 157 p_castle_93 Karilia 4216046 0 0 3 0 0 0 0 0 -169.616000 -23.984900 -169.616000 -23.984900 -169.616000 -23.984900 0.0 0 
4.537856
 1 158 158 p_castle_94 Sute 4215841 0 0 3 0 0 0 0 0 -146.605000 -71.383300 -146.605000 -71.383300 -146.605000 -71.383300 0.0 0 
4.537856
 1 159 159 p_castle_95 Dirong 4216046 0 0 3 0 0 0 0 0 -173.664000 15.942400 -173.664000 15.942400 -173.664000 15.942400 0.0 0 
4.537856
 1 160 160 p_castle_96 Nelenburg 4216046 0 0 3 0 0 0 0 0 -148.057000 29.493200 -148.057000 29.493200 -148.057000 29.493200 0.0 0 
4.537856
 1 161 161 p_castle_97 Roz 4216046 0 0 3 0 0 0 0 0 -122.092000 38.508700 -122.092000 38.508700 -122.092000 38.508700 0.0 0 
4.537856
 1 162 162 p_castle_98 Castle 4216094 0 0 3 0 0 0 0 0 563.000000 207.000000 563.000000 207.000000 563.000000 207.000000 0.0 0 
4.537856
 1 163 163 p_castle_99 Chercase 4216046 0 0 3 0 0 0 0 0 -78.529400 33.251600 -78.529400 33.251600 -78.529400 33.251600 0.0 0 
4.537856
 1 164 164 p_castle_100 Tartu 4216046 0 0 3 0 0 0 0 0 -102.234000 73.022300 -102.234000 73.022300 -102.234000 73.022300 0.0 0 
4.537856
 1 165 165 p_castle_101 Abotin 4216046 0 0 3 0 0 0 0 0 -202.292000 76.584500 -202.292000 76.584500 -202.292000 76.584500 0.0 0 
4.537856
 1 166 166 p_castle_102 Rode 4216046 0 0 3 0 0 0 0 0 -93.030700 -39.507400 -93.030700 -39.507400 -93.030700 -39.507400 0.0 3 577 250 0 250 578 150 0 150 579 150 0 150 
4.537856
 1 167 167 p_castle_103 Purishdina 4216046 0 0 3 0 0 0 0 0 -120.893000 -4.264200 -120.893000 -4.264200 -120.893000 -4.264200 0.0 0 
4.537856
 1 168 168 p_castle_104 Bansia 4215841 0 0 3 0 0 0 0 0 -114.991000 -59.071100 -114.991000 -59.071100 -114.991000 -59.071100 0.0 0 
4.537856
 1 169 169 p_castle_105 Alexandria 4215841 0 0 3 0 0 0 0 0 -88.109700 -61.780500 -88.109700 -61.780500 -88.109700 -61.780500 0.0 0 
4.537856
 1 170 170 p_castle_106 Alish 4215841 0 0 3 0 0 0 0 0 -72.026400 -62.790600 -72.026400 -62.790600 -72.026400 -62.790600 0.0 0 
4.537856
 1 171 171 p_castle_107 Wusizangdusi 4215841 0 0 3 0 0 0 0 0 65.146500 -44.628500 65.146500 -44.628500 65.146500 -44.628500 0.0 0 
4.537856
 1 172 172 p_castle_108 Nanning 4215821 0 0 3 0 0 0 0 0 132.369000 -63.713800 132.369000 -63.713800 132.369000 -63.713800 0.0 0 
4.537856
 1 173 173 p_castle_109 Liaodongdusi 4215821 0 0 3 0 0 0 0 0 177.220000 28.770000 177.220000 28.770000 177.220000 28.770000 0.0 0 
4.537856
 1 174 174 p_castle_110 Massawa 4215841 0 0 3 0 0 0 0 0 -65.500000 -102.750000 -65.500000 -102.750000 -65.500000 -102.750000 0.0 0 
4.537856
 1 175 175 p_castle_111 Makiltin 4215841 0 0 3 0 0 0 0 0 -39.100000 -123.730000 -39.100000 -123.730000 -39.100000 -123.730000 0.0 0 
4.537856
 1 176 176 p_castle_112 Sofala 4215841 0 0 3 0 0 0 0 0 -74.700000 -194.800000 -74.700000 -194.800000 -74.700000 -194.800000 0.0 0 
4.537856
 1 177 177 p_castle_113 Cape_of_Good_Hope 4215841 0 0 3 0 0 0 0 0 -115.000000 -255.000000 -115.000000 -255.000000 -115.000000 -255.000000 0.0 0 
4.537856
 1 178 178 p_castle_114 Rugo 4215841 0 0 3 0 0 0 0 0 -154.300000 -169.900000 -154.300000 -169.900000 -154.300000 -169.900000 0.0 0 
4.537856
 1 179 179 p_castle_115 San_Amaru 4215838 0 0 3 0 0 0 0 0 -429.570000 -241.400000 -429.570000 -241.400000 -429.570000 -241.400000 0.0 0 
4.537856
 1 180 180 p_castle_116 Barbados 4215838 0 0 3 0 0 0 0 0 -405.760000 -153.070000 -405.760000 -153.070000 -405.760000 -153.070000 0.0 0 
4.537856
 1 181 181 p_castle_117 Incan1 4216032 0 0 3 0 0 0 0 0 -498.500000 -194.930000 -498.500000 -194.930000 -498.500000 -194.930000 0.0 0 
4.537856
 1 182 182 p_castle_118 Incan2 4216032 0 0 3 0 0 0 0 0 -505.550000 -208.310000 -505.550000 -208.310000 -505.550000 -208.310000 0.0 0 
4.537856
 1 183 183 p_castle_119 NA1 4215841 0 0 3 0 0 0 0 0 -235.280000 -58.860000 -235.280000 -58.860000 -235.280000 -58.860000 0.0 0 
4.537856
 1 184 184 p_castle_120 Hassa 4215841 0 0 3 0 0 0 0 0 -37.400000 -68.500000 -37.400000 -68.500000 -37.400000 -68.500000 0.0 0 
4.537856
 1 185 185 p_castle_121 Aden 4215841 0 0 3 0 0 0 0 0 -40.300000 -104.400000 -40.300000 -104.400000 -40.300000 -104.400000 0.0 0 
4.537856
 1 186 186 p_castle_122 Muscat 4215841 0 0 3 0 0 0 0 0 -8.900000 -83.900000 -8.900000 -83.900000 -8.900000 -83.900000 0.0 0 
4.537856
 1 187 187 p_castle_123 Reykjavik 4215838 0 0 3 0 0 0 0 0 -302.430000 131.510000 -302.430000 131.510000 -302.430000 131.510000 0.0 0 
4.537856
 1 188 188 p_castle_124 Brunei 4215841 0 0 3 0 0 0 0 0 157.400000 -118.070000 157.400000 -118.070000 157.400000 -118.070000 0.0 0 
4.537856
 1 189 189 p_castle_125 Bahia 4215838 0 0 3 0 0 0 0 0 -415.630000 -200.320000 -415.630000 -200.320000 -415.630000 -200.320000 0.0 0 
4.537856
 1 190 190 p_castle_126 Dendy 4215841 0 0 3 0 0 0 0 0 -187.980000 -116.960000 -187.980000 -116.960000 -187.980000 -116.960000 0.0 0 
4.537856
 1 191 191 p_castle_127 Cumahi 4215841 0 0 3 0 0 0 0 0 -211.770000 -137.450000 -211.770000 -137.450000 -211.770000 -137.450000 0.0 0 
4.537856
 1 192 192 p_castle_128 Cabu 4215841 0 0 3 0 0 0 0 0 -255.320000 -120.100000 -255.320000 -120.100000 -255.320000 -120.100000 0.0 0 
4.537856
 1 193 193 p_castle_129 East_Congo 4215841 0 0 3 0 0 0 0 0 -107.500000 -163.000000 -107.500000 -163.000000 -107.500000 -163.000000 0.0 0 
4.537856
 1 194 194 p_castle_130 Getagan 4215841 0 0 3 0 0 0 0 0 -69.220000 -152.580000 -69.220000 -152.580000 -69.220000 -152.580000 0.0 0 
4.537856
 1 195 195 p_castle_131 new_to_viking 4215844 0 0 3 0 0 0 0 0 -150.740000 93.470000 -150.740000 93.470000 -150.740000 93.470000 0.0 0 
4.537856
 1 196 196 p_castle_132 japan1 4216043 0 0 3 0 0 0 0 0 239.540000 -4.260000 239.540000 -4.260000 239.540000 -4.260000 0.0 0 
4.537856
 1 197 197 p_castle_133 Incan3 4216032 0 0 3 0 0 0 0 0 -539.370000 -230.170000 -539.370000 -230.170000 -539.370000 -230.170000 0.0 0 
4.537856
 1 198 198 p_castle_134 Huron 4215845 0 0 3 0 0 0 0 0 -496.630000 61.180000 -496.630000 61.180000 -496.630000 61.180000 0.0 0 
4.537856
 1 199 199 p_castle_135 indu1 4215841 0 0 3 0 0 0 0 0 35.600000 -90.200000 35.600000 -90.200000 35.600000 -90.200000 0.0 0 
4.537856
 1 200 200 p_village_1 Bradford 2114575 0 0 3 0 0 0 0 0 -211.010000 61.556400 -211.010000 61.556400 -211.010000 61.556400 0.0 0 
1.745329
 1 201 201 p_village_2 Killarney 2114575 0 0 3 0 0 0 0 0 -233.201000 52.869700 -233.201000 52.869700 -233.201000 52.869700 0.0 0 
1.919862
 1 202 202 p_village_3 Nottingham 2114575 0 0 3 0 0 0 0 0 -207.354000 56.748400 -207.354000 56.748400 -207.354000 56.748400 0.0 0 
2.094395
 1 203 203 p_village_4 Dorchester 2114575 0 0 3 0 0 0 0 0 -209.453000 48.532000 -209.453000 48.532000 -209.453000 48.532000 0.0 0 
2.268928
 1 204 204 p_village_5 Brighton 2114575 0 0 3 0 0 0 0 0 -201.781000 49.425800 -201.781000 49.425800 -201.781000 49.425800 0.0 0 
2.967060
 1 205 205 p_village_6 Norwich 2114575 0 0 3 0 0 0 0 0 -202.218000 57.024800 -202.218000 57.024800 -202.218000 57.024800 0.0 0 
1.745329
 1 206 206 p_village_7 Frederikshavn 2114575 0 0 3 0 0 0 0 0 -163.631000 63.323000 -163.631000 63.323000 -163.631000 63.323000 0.0 0 
1.919862
 1 207 207 p_village_8 Rondo 2114575 0 0 3 0 0 0 0 0 -218.982000 -39.337900 -218.982000 -39.337900 -218.982000 -39.337900 0.0 0 
2.094395
 1 208 208 p_village_9 Buvran 2114575 0 0 3 0 0 0 0 0 -118.106000 -34.582300 -118.106000 -34.582300 -118.106000 -34.582300 0.0 0 
2.268928
 1 209 209 p_village_10 Royan 2114575 0 0 3 0 0 0 0 0 -201.196000 17.418500 -201.196000 17.418500 -201.196000 17.418500 0.0 0 
2.967060
 1 210 210 p_village_11 Orleans 2114575 0 0 3 0 0 0 0 0 -187.479000 20.602600 -187.479000 20.602600 -187.479000 20.602600 0.0 0 
1.745329
 1 211 211 p_village_12 Emer 2114575 0 0 3 0 0 0 0 0 -116.359000 -10.118400 -116.359000 -10.118400 -116.359000 -10.118400 0.0 0 
1.919862
 1 212 212 p_village_13 Evreux 2114575 0 0 3 0 0 0 0 0 -187.831000 30.149700 -187.831000 30.149700 -187.831000 30.149700 0.0 0 
2.094395
 1 213 213 p_village_14 Reims 2114575 0 0 3 0 0 0 0 0 -178.146000 32.572600 -178.146000 32.572600 -178.146000 32.572600 0.0 0 
2.268928
 1 214 214 p_village_15 Ryibelet 2114575 0 0 3 0 0 0 0 0 -173.054000 25.526000 -173.054000 25.526000 -173.054000 25.526000 0.0 0 
2.967060
 1 215 215 p_village_16 Shapeshte 2114584 0 0 3 0 0 0 0 0 -144.887000 85.663500 -144.887000 85.663500 -144.887000 85.663500 0.0 0 
2.967060
 1 216 216 p_village_17 Karlstad 2114584 0 0 3 0 0 0 0 0 -158.933000 76.899200 -158.933000 76.899200 -158.933000 76.899200 0.0 0 
0.610865
 1 217 217 p_village_18 Kurgan 2114584 0 0 3 0 0 0 0 0 -16.136900 69.838400 -16.136900 69.838400 -16.136900 69.838400 0.0 0 
2.967060
 1 218 218 p_village_19 Penza 2114584 0 0 3 0 0 0 0 0 -44.016600 41.929000 -44.016600 41.929000 -44.016600 41.929000 0.0 0 
2.967060
 1 219 219 p_village_20 Vologda 2114584 0 0 3 0 0 0 0 0 -36.133100 77.295500 -36.133100 77.295500 -36.133100 77.295500 0.0 0 
2.967060
 1 220 220 p_village_21 Bazeck 2114584 0 0 3 0 0 0 0 0 -113.817000 69.012800 -113.817000 69.012800 -113.817000 69.012800 0.0 0 
1.745329
 1 221 221 p_village_22 Nizhniy_Novgorod 2114584 0 0 3 0 0 0 0 0 -48.956400 58.243200 -48.956400 58.243200 -48.956400 58.243200 0.0 0 
1.919862
 1 222 222 p_village_23 Valladolid 2114575 0 0 3 0 0 0 0 0 -214.089000 -13.480600 -214.089000 -13.480600 -214.089000 -13.480600 0.0 0 
2.094395
 1 223 223 p_village_24 Tereul 2114575 0 0 3 0 0 0 0 0 -202.260000 -20.699100 -202.260000 -20.699100 -202.260000 -20.699100 0.0 0 
2.268928
 1 224 224 p_village_25 Zaragoza 2114575 0 0 3 0 0 0 0 0 -198.930000 -8.771170 -198.930000 -8.771170 -198.930000 -8.771170 0.0 0 
2.967060
 1 225 225 p_village_26 Pagundur 2114575 0 0 3 0 0 0 0 0 -165.203000 -2.763350 -165.203000 -2.763350 -165.203000 -2.763350 0.0 0 
2.967060
 1 226 226 p_village_27 Siracusa 2114575 0 0 3 0 0 0 0 0 -160.884000 -40.110400 -160.884000 -40.110400 -160.884000 -40.110400 0.0 0 
2.967060
 1 227 227 p_village_28 Cosenza 2114575 0 0 3 0 0 0 0 0 -152.614000 -31.176300 -152.614000 -31.176300 -152.614000 -31.176300 0.0 0 
2.967060
 1 228 228 p_village_29 Bari 2114575 0 0 3 0 0 0 0 0 -142.854000 -25.488700 -142.854000 -25.488700 -142.854000 -25.488700 0.0 0 
2.967060
 1 229 229 p_village_30 Bologna 2114575 0 0 3 0 0 0 0 0 -156.039000 -6.113890 -156.039000 -6.113890 -156.039000 -6.113890 0.0 0 
2.967060
 1 230 230 p_village_31 Verona 2114575 0 0 3 0 0 0 0 0 -159.312000 -0.112677 -159.312000 -0.112677 -159.312000 -0.112677 0.0 0 
1.745329
 1 231 231 p_village_32 Udine 2114575 0 0 3 0 0 0 0 0 -148.339000 3.198700 -148.339000 3.198700 -148.339000 3.198700 0.0 0 
1.919862
 1 232 232 p_village_33 Ruluns 2114575 0 0 3 0 0 0 0 0 -129.481000 -15.579800 -129.481000 -15.579800 -129.481000 -15.579800 0.0 0 
2.094395
 1 233 233 p_village_34 Ehlerdah 2114575 0 0 3 0 0 0 0 0 -117.190000 -48.030800 -117.190000 -48.030800 -117.190000 -48.030800 0.0 0 
2.268928
 1 234 234 p_village_35 Fearichen 2114575 0 0 3 0 0 0 0 0 -74.015800 -42.636900 -74.015800 -42.636900 -74.015800 -42.636900 0.0 0 
2.967060
 1 235 235 p_village_36 Siena 2114575 0 0 3 0 0 0 0 0 -159.359000 -10.043800 -159.359000 -10.043800 -159.359000 -10.043800 0.0 0 
2.967060
 1 236 236 p_village_37 Pescara 2114575 0 0 3 0 0 0 0 0 -150.778000 -12.235100 -150.778000 -12.235100 -150.778000 -12.235100 0.0 0 
2.967060
 1 237 237 p_village_38 Mainz 2114575 0 0 3 0 0 0 0 0 -161.953000 23.220000 -161.953000 23.220000 -161.953000 23.220000 0.0 0 
2.967060
 1 238 238 p_village_39 Utrecht 2114575 0 0 3 0 0 0 0 0 -169.844000 44.518900 -169.844000 44.518900 -169.844000 44.518900 0.0 0 
2.967060
 1 239 239 p_village_40 Saren 2114575 0 0 3 0 0 0 0 0 -144.182000 48.260300 -144.182000 48.260300 -144.182000 48.260300 0.0 0 
2.967060
 1 240 240 p_village_41 Dugan 2114575 0 0 3 0 0 0 0 0 -164.680000 37.070000 -164.680000 37.070000 -164.680000 37.070000 0.0 0 
1.745329
 1 241 241 p_village_42 Dirigh_Aban 2114575 0 0 3 0 0 0 0 0 -151.355000 22.801100 -151.355000 22.801100 -151.355000 22.801100 0.0 0 
1.919862
 1 242 242 p_village_43 Zagush 2114575 0 0 3 0 0 0 0 0 -138.654000 26.773700 -138.654000 26.773700 -138.654000 26.773700 0.0 0 
2.094395
 1 243 243 p_village_44 Peshmi 2114575 0 0 3 0 0 0 0 0 -144.231000 18.609100 -144.231000 18.609100 -144.231000 18.609100 0.0 0 
2.268928
 1 244 244 p_village_45 Bulugur 2114575 0 0 3 0 0 0 0 0 -131.713000 16.983700 -131.713000 16.983700 -131.713000 16.983700 0.0 0 
2.967060
 1 245 245 p_village_46 Fedner 2114575 0 0 3 0 0 0 0 0 -132.540000 8.736420 -132.540000 8.736420 -132.540000 8.736420 0.0 0 
2.967060
 1 246 246 p_village_47 Epeshe 2114575 0 0 3 0 0 0 0 0 -116.060000 14.134800 -116.060000 14.134800 -116.060000 14.134800 0.0 0 
2.967060
 1 247 247 p_village_48 Veidar 2114575 0 0 3 0 0 0 0 0 -110.523000 -2.527990 -110.523000 -2.527990 -110.523000 -2.527990 0.0 0 
2.967060
 1 248 248 p_village_49 Tismirr 2114584 0 0 3 0 0 0 0 0 -134.707000 78.309100 -134.707000 78.309100 -134.707000 78.309100 0.0 0 
0.174533
 1 249 249 p_village_50 Bergen 2114584 0 0 3 0 0 0 0 0 -172.801000 74.245700 -172.801000 74.245700 -172.801000 74.245700 0.0 0 
2.967060
 1 250 250 p_village_51 Jelbegi 2114575 0 0 3 0 0 0 0 0 -94.792800 -6.662650 -94.792800 -6.662650 -94.792800 -6.662650 0.0 0 
1.745329
 1 251 251 p_village_52 Amashke 2114575 0 0 3 0 0 0 0 0 -100.241000 -13.012600 -100.241000 -13.012600 -100.241000 -13.012600 0.0 0 
1.919862
 1 252 252 p_village_53 Balanli 2114575 0 0 3 0 0 0 0 0 -94.264000 -22.964500 -94.264000 -22.964500 -94.264000 -22.964500 0.0 0 
2.094395
 1 253 253 p_village_54 Chide 2114575 0 0 3 0 0 0 0 0 -77.494700 -30.077300 -77.494700 -30.077300 -77.494700 -30.077300 0.0 0 
2.268928
 1 254 254 p_village_55 Tadsamesh 2114575 0 0 3 0 0 0 0 0 -47.506100 -7.962780 -47.506100 -7.962780 -47.506100 -7.962780 0.0 0 
2.967060
 1 255 255 p_village_56 Fenada 2114575 0 0 3 0 0 0 0 0 -53.471300 -29.995500 -53.471300 -29.995500 -53.471300 -29.995500 0.0 0 
2.967060
 1 256 256 p_village_57 Ningbo 2114575 0 0 3 0 0 0 0 0 160.750000 -45.587900 160.750000 -45.587900 160.750000 -45.587900 0.0 0 
2.967060
 1 257 257 p_village_58 Hefei 2114575 0 0 3 0 0 0 0 0 148.380000 -28.300000 148.380000 -28.300000 148.380000 -28.300000 0.0 0 
2.967060
 1 258 258 p_village_59 Yan'an 2114575 0 0 3 0 0 0 0 0 117.479000 0.345024 117.479000 0.345024 117.479000 0.345024 0.0 0 
2.967060
 1 259 259 p_village_60 Wuhai 2114575 0 0 3 0 0 0 0 0 113.496000 13.123100 113.496000 13.123100 113.496000 13.123100 0.0 0 
2.967060
 1 260 260 p_village_61 Aldelen 2114575 0 0 3 0 0 0 0 0 -33.380200 -16.189100 -33.380200 -16.189100 -33.380200 -16.189100 0.0 0 
1.745329
 1 261 261 p_village_62 Yancheng 2114575 0 0 3 0 0 0 0 0 159.000000 -25.650000 159.000000 -25.650000 159.000000 -25.650000 0.0 0 
1.745329
 1 262 262 p_village_63 Guiyang 2114575 0 0 3 0 0 0 0 0 123.810000 -49.697900 123.810000 -49.697900 123.810000 -49.697900 0.0 0 
1.745329
 1 263 263 p_village_64 Serindiar 2114575 0 0 3 0 0 0 0 0 200.635000 -26.346600 200.635000 -26.346600 200.635000 -26.346600 0.0 0 
1.745329
 1 264 264 p_village_65 Dongfan 2114575 0 0 3 0 0 0 0 0 165.937000 -58.139100 165.937000 -58.139100 165.937000 -58.139100 0.0 0 
1.745329
 1 265 265 p_village_66 Tokushima 2114575 0 0 3 0 0 0 0 0 216.333000 -22.759500 216.333000 -22.759500 216.333000 -22.759500 0.0 0 
1.745329
 1 266 266 p_village_67 Nagoya 2114575 0 0 3 0 0 0 0 0 236.610000 -12.280000 236.610000 -12.280000 236.610000 -12.280000 0.0 0 
1.745329
 1 267 267 p_village_68 Ibdeles 2114575 0 0 3 0 0 0 0 0 -129.111000 43.907300 -129.111000 43.907300 -129.111000 43.907300 0.0 0 
1.745329
 1 268 268 p_village_69 Kwynn 2114575 0 0 3 0 0 0 0 0 -117.064000 32.447300 -117.064000 32.447300 -117.064000 32.447300 0.0 0 
1.745329
 1 269 269 p_village_70 Dirigsene 2114575 0 0 3 0 0 0 0 0 -93.325300 30.913700 -93.325300 30.913700 -93.325300 30.913700 0.0 0 
1.745329
 1 270 270 p_village_71 Tshibtin 2114575 0 0 3 0 0 0 0 0 -120.714000 51.119900 -120.714000 51.119900 -120.714000 51.119900 0.0 0 
0.349066
 1 271 271 p_village_72 Elberl 2114575 0 0 3 0 0 0 0 0 -106.070000 49.578400 -106.070000 49.578400 -106.070000 49.578400 0.0 0 
1.047198
 1 272 272 p_village_73 Malaga 2114575 0 0 3 0 0 0 0 0 -210.667000 -37.516100 -210.667000 -37.516100 -210.667000 -37.516100 0.0 0 
0.959931
 1 273 273 p_village_74 Ayyike 2114575 0 0 3 0 0 0 0 0 -77.342000 50.178000 -77.342000 50.178000 -77.342000 50.178000 0.0 0 
0.261799
 1 274 274 p_village_75 Konosha 2114584 0 0 3 0 0 0 0 0 -67.498400 76.204600 -67.498400 76.204600 -67.498400 76.204600 0.0 0 
0.174533
 1 275 275 p_village_76 Carpentras 2114575 0 0 3 0 0 0 0 0 -176.032000 6.330990 -176.032000 6.330990 -176.032000 6.330990 0.0 0 
0.610865
 1 276 276 p_village_77 Trelleborg 2114575 0 0 3 0 0 0 0 0 -152.140000 67.048900 -152.140000 67.048900 -152.140000 67.048900 0.0 0 
2.792527
 1 277 277 p_village_78 Castrez 2114575 0 0 3 0 0 0 0 0 -184.270000 1.060840 -184.270000 1.060840 -184.270000 1.060840 0.0 0 
3.141593
 1 278 278 p_village_79 Volgograd 2114575 0 0 3 0 0 0 0 0 -29.583200 50.134200 -29.583200 50.134200 -29.583200 50.134200 0.0 0 
0.000000
 1 279 279 p_village_80 Cahorz 2114575 0 0 3 0 0 0 0 0 -191.052000 12.166400 -191.052000 12.166400 -191.052000 12.166400 0.0 0 
0.698132
 1 280 280 p_village_81 Aletai 2114575 0 0 3 0 0 0 0 0 57.573500 31.268400 57.573500 31.268400 57.573500 31.268400 0.0 0 
0.349066
 1 281 281 p_village_82 Ejina 2114575 0 0 3 0 0 0 0 0 83.518300 8.144120 83.518300 8.144120 83.518300 8.144120 0.0 0 
1.047198
 1 282 282 p_village_83 Zhangjiakou 2114575 0 0 3 0 0 0 0 0 129.770000 18.170000 129.770000 18.170000 129.770000 18.170000 0.0 0 
0.959931
 1 283 283 p_village_84 Saiyinshanda 2114575 0 0 3 0 0 0 0 0 106.208000 30.932300 106.208000 30.932300 106.208000 30.932300 0.0 0 
0.261799
 1 284 284 p_village_85 Qiaoba 2114575 0 0 3 0 0 0 0 0 109.092000 47.009000 109.092000 47.009000 109.092000 47.009000 0.0 0 
0.174533
 1 285 285 p_village_86 Buergan 2114575 0 0 3 0 0 0 0 0 84.228200 46.878600 84.228200 46.878600 84.228200 46.878600 0.0 0 
0.610865
 1 286 286 p_village_87 Bayanzuoer 2114575 0 0 3 0 0 0 0 0 101.863000 24.546800 101.863000 24.546800 101.863000 24.546800 0.0 0 
2.792527
 1 287 287 p_village_88 Shengyang 2114575 0 0 3 0 0 0 0 0 167.135000 20.800700 167.135000 20.800700 167.135000 20.800700 0.0 0 
3.141593
 1 288 288 p_village_89 Shanhaiguan 2114575 0 0 3 0 0 0 0 0 156.230000 17.100000 156.230000 17.100000 156.230000 17.100000 0.0 0 
0.000000
 1 289 289 p_village_90 Handan 2114575 0 0 3 0 0 0 0 0 143.604000 9.389990 143.604000 9.389990 143.604000 9.389990 0.0 0 
0.698132
 1 290 290 p_village_91 Linfen 2114575 0 0 3 0 0 0 0 0 130.704000 2.372270 130.704000 2.372270 130.704000 2.372270 0.0 0 
0.349066
 1 291 291 p_village_92 Caza 2114577 0 0 3 0 0 0 0 0 -65.974300 -59.804300 -65.974300 -59.804300 -65.974300 -59.804300 0.0 0 
1.047198
 1 292 292 p_village_93 riverland 2114577 0 0 3 0 0 0 0 0 -84.828600 -75.065100 -84.828600 -75.065100 -84.828600 -75.065100 0.0 0 
0.959931
 1 293 293 p_village_94 Hanzhong 2114575 0 0 3 0 0 0 0 0 106.972000 -10.713400 106.972000 -10.713400 106.972000 -10.713400 0.0 0 
0.261799
 1 294 294 p_village_95 Suining 2114575 0 0 3 0 0 0 0 0 124.741000 -29.111700 124.741000 -29.111700 124.741000 -29.111700 0.0 0 
0.174533
 1 295 295 p_village_96 Nanyang 2114575 0 0 3 0 0 0 0 0 138.560000 -17.960000 138.560000 -17.960000 138.560000 -17.960000 0.0 0 
0.610865
 1 296 296 p_village_97 Sekhtem 2114577 0 0 3 0 0 0 0 0 -35.472600 -47.427400 -35.472600 -47.427400 -35.472600 -47.427400 0.0 0 
2.792527
 1 297 297 p_village_98 Mawiti 2114577 0 0 3 0 0 0 0 0 -62.294600 -48.874100 -62.294600 -48.874100 -62.294600 -48.874100 0.0 0 
3.141593
 1 298 298 p_village_99 Fishara 2114577 0 0 3 0 0 0 0 0 -19.759300 -61.759100 -19.759300 -61.759100 -19.759300 -61.759100 0.0 0 
0.000000
 1 299 299 p_village_100 Iqbayl 2114577 0 0 3 0 0 0 0 0 -8.523170 -54.251800 -8.523170 -54.251800 -8.523170 -54.251800 0.0 0 
0.698132
 1 300 300 p_village_101 Uzgha 2114577 0 0 3 0 0 0 0 0 -44.021000 -44.517600 -44.021000 -44.517600 -44.021000 -44.517600 0.0 0 
0.349066
 1 301 301 p_village_102 Fes 2114577 0 0 3 0 0 0 0 0 -213.471000 -47.357900 -213.471000 -47.357900 -213.471000 -47.357900 0.0 0 
1.047198
 1 302 302 p_village_103 Oujda 2114577 0 0 3 0 0 0 0 0 -209.361000 -48.090200 -209.361000 -48.090200 -209.361000 -48.090200 0.0 0 
0.959931
 1 303 303 p_village_104 Annaba 2114577 0 0 3 0 0 0 0 0 -181.099000 -43.216000 -181.099000 -43.216000 -181.099000 -43.216000 0.0 0 
0.261799
 1 304 304 p_village_105 Setif 2114577 0 0 3 0 0 0 0 0 -187.846000 -49.301600 -187.846000 -49.301600 -187.846000 -49.301600 0.0 0 
0.174533
 1 305 305 p_village_106 Sfax 2114577 0 0 3 0 0 0 0 0 -171.181000 -52.459000 -171.181000 -52.459000 -171.181000 -52.459000 0.0 0 
0.610865
 1 306 306 p_village_107 Madanin 2114577 0 0 3 0 0 0 0 0 -171.182000 -57.830800 -171.182000 -57.830800 -171.182000 -57.830800 0.0 0 
2.792527
 1 307 307 p_village_108 Mit_Nun 2114577 0 0 3 0 0 0 0 0 7.404280 -2.857320 7.404280 -2.857320 7.404280 -2.857320 0.0 0 
3.141593
 1 308 308 p_village_109 Tilimsal 2114577 0 0 3 0 0 0 0 0 4.428880 -12.760000 4.428880 -12.760000 4.428880 -12.760000 0.0 0 
0.000000
 1 309 309 p_village_110 Rushdigh 2114577 0 0 3 0 0 0 0 0 -14.619100 -31.920300 -14.619100 -31.920300 -14.619100 -31.920300 0.0 0 
0.698132
 1 310 310 p_village_111 south_camp 2114597 0 0 3 0 0 0 0 0 -547.110000 -15.100000 -547.110000 -15.100000 -547.110000 -15.100000 0.0 0 
0.698132
 1 311 311 p_village_112 middle_camp 2114597 0 0 3 0 0 0 0 0 -513.190000 28.710000 -513.190000 28.710000 -513.190000 28.710000 0.0 0 
0.698132
 1 312 312 p_village_113 north_camp 2114597 0 0 3 0 0 0 0 0 -482.050000 16.090000 -482.050000 16.090000 -482.050000 16.090000 0.0 0 
0.698132
 1 313 313 p_village_114 San_Augustin 2114575 0 0 3 0 0 0 0 0 -471.040000 -41.980000 -471.040000 -41.980000 -471.040000 -41.980000 0.0 0 
0.698132
 1 314 314 p_village_115 Ciudad 2114575 0 0 3 0 0 0 0 0 -223.270000 -49.169700 -223.270000 -49.169700 -223.270000 -49.169700 0.0 0 
0.698132
 1 315 315 p_village_116 Nazare 2114575 0 0 3 0 0 0 0 0 -229.212000 -20.868400 -229.212000 -20.868400 -229.212000 -20.868400 0.0 0 
0.698132
 1 316 316 p_village_117 Guarda 2114575 0 0 3 0 0 0 0 0 -224.311000 -13.831000 -224.311000 -13.831000 -224.311000 -13.831000 0.0 0 
0.698132
 1 317 317 p_village_118 Amrim 2114577 0 0 3 0 0 0 0 0 22.092900 -56.600900 22.092900 -56.600900 22.092900 -56.600900 0.0 0 
0.698132
 1 318 318 p_village_119 Jotpor 2114577 0 0 3 0 0 0 0 0 31.863900 -74.766300 31.863900 -74.766300 31.863900 -74.766300 0.0 0 
0.698132
 1 319 319 p_village_120 Lecoan 2114577 0 0 3 0 0 0 0 0 62.069300 -67.008300 62.069300 -67.008300 62.069300 -67.008300 0.0 0 
0.698132
 1 320 320 p_village_121 Anra_Abad 2114577 0 0 3 0 0 0 0 0 61.309300 -81.495600 61.309300 -81.495600 61.309300 -81.495600 0.0 0 
0.698132
 1 321 321 p_village_122 Langky 2114575 0 0 3 0 0 0 0 0 115.571000 -83.755100 115.571000 -83.755100 115.571000 -83.755100 0.0 0 
0.698132
 1 322 322 p_village_123 Kinho 2114575 0 0 3 0 0 0 0 0 102.104000 -74.129000 102.104000 -74.129000 102.104000 -74.129000 0.0 0 
0.698132
 1 323 323 p_village_124 Lanbrab 2114575 0 0 3 0 0 0 0 0 112.300000 -110.450000 112.300000 -110.450000 112.300000 -110.450000 0.0 0 
0.698132
 1 324 324 p_village_125 Akita 2114575 0 0 3 0 0 0 0 0 249.278000 4.994550 249.278000 4.994550 249.278000 4.994550 0.0 0 
0.698132
 1 325 325 p_village_126 Kujang 2114575 0 0 3 0 0 0 0 0 186.839000 19.180900 186.839000 19.180900 186.839000 19.180900 0.0 0 
0.698132
 1 326 326 p_village_127 Daejeon 2114575 0 0 3 0 0 0 0 0 194.545000 -0.891364 194.545000 -0.891364 194.545000 -0.891364 0.0 0 
0.698132
 1 327 327 p_village_128 Baicheng 2114575 0 0 3 0 0 0 0 0 154.038000 47.262100 154.038000 47.262100 154.038000 47.262100 0.0 0 
0.698132
 1 328 328 p_village_129 Haixi_nvzhen 2114575 0 0 3 0 0 0 0 0 215.149000 51.896500 215.149000 51.896500 215.149000 51.896500 0.0 0 
0.698132
 1 329 329 p_village_130 Yeren_nvzhen 2114575 0 0 3 0 0 0 0 0 232.931000 57.774000 232.931000 57.774000 232.931000 57.774000 0.0 0 
0.698132
 1 330 330 p_village_131 Rezcazgan 2114577 0 0 3 0 0 0 0 0 13.844600 24.796300 13.844600 24.796300 13.844600 24.796300 0.0 0 
0.698132
 1 331 331 p_village_132 Baprodar 2114577 0 0 3 0 0 0 0 0 30.657800 56.826900 30.657800 56.826900 30.657800 56.826900 0.0 0 
0.698132
 1 332 332 p_village_133 Simibara 2114577 0 0 3 0 0 0 0 0 18.711100 50.086200 18.711100 50.086200 18.711100 50.086200 0.0 0 
0.698132
 1 333 333 p_village_134 Tarta_camp 2114577 0 0 3 0 0 0 0 0 -73.532600 7.235810 -73.532600 7.235810 -73.532600 7.235810 0.0 0 
0.698132
 1 334 334 p_village_135 West_river 2114577 0 0 3 0 0 0 0 0 -77.228100 13.918900 -77.228100 13.918900 -77.228100 13.918900 0.0 0 
0.698132
 1 335 335 p_village_136 River_camp 2114577 0 0 3 0 0 0 0 0 -62.275100 17.000900 -62.275100 17.000900 -62.275100 17.000900 0.0 0 
0.698132
 1 336 336 p_village_137 Paquic 2114575 0 0 3 0 0 0 0 0 -539.930000 -68.670000 -539.930000 -68.670000 -539.930000 -68.670000 0.0 0 
1.745329
 1 337 337 p_village_138 Tixtia 2114575 0 0 3 0 0 0 0 0 -550.980000 -83.650000 -550.980000 -83.650000 -550.980000 -83.650000 0.0 0 
1.745329
 1 338 338 p_village_139 Taniguiecache 2114575 0 0 3 0 0 0 0 0 -535.090000 -105.800000 -535.090000 -105.800000 -535.090000 -105.800000 0.0 0 
1.745329
 1 339 339 p_village_140 Tecuantepec 2114575 0 0 3 0 0 0 0 0 -521.230000 -123.900000 -521.230000 -123.900000 -521.230000 -123.900000 0.0 0 
1.745329
 1 340 340 p_village_141 dock 2114575 0 0 3 0 0 0 0 0 -527.210000 -87.250000 -527.210000 -87.250000 -527.210000 -87.250000 0.0 0 
1.745329
 1 341 341 p_village_142 Uxmal 2114575 0 0 3 0 0 0 0 0 -489.730000 -94.560000 -489.730000 -94.560000 -489.730000 -94.560000 0.0 0 
1.745329
 1 342 342 p_village_143 Uxmal_village 2114575 0 0 3 0 0 0 0 0 -495.000000 -113.000000 -495.000000 -113.000000 -495.000000 -113.000000 0.0 0 
1.745329
 1 343 343 p_village_144 Roge 2114575 0 0 3 0 0 0 0 0 -230.720000 -5.000000 -230.720000 -5.000000 -230.720000 -5.000000 0.0 0 
1.745329
 1 344 344 p_village_145 Sasari 2114575 0 0 3 0 0 0 0 0 -169.680000 -17.830100 -169.680000 -17.830100 -169.680000 -17.830100 0.0 0 
1.745329
 1 345 345 p_village_146 Molri 2114575 0 0 3 0 0 0 0 0 -210.929000 34.919900 -210.929000 34.919900 -210.929000 34.919900 0.0 0 
1.745329
 1 346 346 p_village_147 Puroen 2114575 0 0 3 0 0 0 0 0 -146.358000 36.026900 -146.358000 36.026900 -146.358000 36.026900 0.0 0 
1.745329
 1 347 347 p_village_148 Nishi 2114575 0 0 3 0 0 0 0 0 -126.083000 -1.294960 -126.083000 -1.294960 -126.083000 -1.294960 0.0 0 
1.745329
 1 348 348 p_village_149 Simira 2114575 0 0 3 0 0 0 0 0 -81.822300 28.415700 -81.822300 28.415700 -81.822300 28.415700 0.0 0 
1.745329
 1 349 349 p_village_150 Radom 2114575 0 0 3 0 0 0 0 0 -112.842000 39.107800 -112.842000 39.107800 -112.842000 39.107800 0.0 0 
1.745329
 1 350 350 p_village_151 Lutchic 2114575 0 0 3 0 0 0 0 0 -100.431000 36.008700 -100.431000 36.008700 -100.431000 36.008700 0.0 0 
1.745329
 1 351 351 p_village_152 Lingshan 2114575 0 0 3 0 0 0 0 0 139.710000 -65.550000 139.710000 -65.550000 139.710000 -65.550000 0.0 0 
1.745329
 1 352 352 p_village_153 Naquka 2114584 0 0 3 0 0 0 0 0 71.923300 -29.085900 71.923300 -29.085900 71.923300 -29.085900 0.0 0 
1.919862
 1 353 353 p_village_154 Dali 2114575 0 0 3 0 0 0 0 0 107.883000 -47.553100 107.883000 -47.553100 107.883000 -47.553100 0.0 0 
1.745329
 1 354 354 p_village_155 Misurat 2114577 0 0 3 0 0 0 0 0 -156.398000 -69.295500 -156.398000 -69.295500 -156.398000 -69.295500 0.0 0 
0.610865
 1 355 355 p_village_156 Bardijo 2114577 0 0 3 0 0 0 0 0 -105.037000 -60.758500 -105.037000 -60.758500 -105.037000 -60.758500 0.0 0 
0.610865
 1 356 356 p_village_157 Materu 2114577 0 0 3 0 0 0 0 0 -96.256200 -61.736000 -96.256200 -61.736000 -96.256200 -61.736000 0.0 0 
0.610865
 1 357 357 p_village_158 Akba 2114577 0 0 3 0 0 0 0 0 -64.313200 -76.788000 -64.313200 -76.788000 -64.313200 -76.788000 0.0 0 
0.610865
 1 358 358 p_village_159 Nalehan 2114577 0 0 3 0 0 0 0 0 -79.213300 -20.069400 -79.213300 -20.069400 -79.213300 -20.069400 0.0 0 
0.610865
 1 359 359 p_village_160 Yili 2114577 0 0 3 0 0 0 0 0 57.000000 16.500000 57.000000 16.500000 57.000000 16.500000 0.0 0 
0.610865
 1 360 360 p_village_161 Gosi 2114584 0 0 3 0 0 0 0 0 -109.072000 77.958100 -109.072000 77.958100 -109.072000 77.958100 0.0 0 
1.745329
 1 361 361 p_village_162 Siorogens 2114575 0 0 3 0 0 0 0 0 -94.353200 -37.968800 -94.353200 -37.968800 -94.353200 -37.968800 0.0 0 
1.745329
 1 362 362 p_village_163 Aoben 2114584 0 0 3 0 0 0 0 0 -217.956000 68.202300 -217.956000 68.202300 -217.956000 68.202300 0.0 0 
1.745329
 1 363 363 p_village_164 Lyrge 2114584 0 0 3 0 0 0 0 0 -207.110000 81.320400 -207.110000 81.320400 -207.110000 81.320400 0.0 0 
1.745329
 1 364 364 p_village_165 Jartin 2114584 0 0 3 0 0 0 0 0 -165.089000 52.769400 -165.089000 52.769400 -165.089000 52.769400 0.0 0 
1.745329
 1 365 365 p_village_166 Haiyang 2114575 0 0 3 0 0 0 0 0 127.490000 -73.561200 127.490000 -73.561200 127.490000 -73.561200 0.0 0 
1.745329
 1 366 366 p_village_167 Barin 2114575 0 0 3 0 0 0 0 0 -24.540000 -70.000000 -24.540000 -70.000000 -24.540000 -70.000000 0.0 0 
2.967060
 1 367 367 p_village_168 Asil 2114575 0 0 3 0 0 0 0 0 -51.800000 -95.400000 -51.800000 -95.400000 -51.800000 -95.400000 0.0 0 
2.967060
 1 368 368 p_village_169 Dofal 2114575 0 0 3 0 0 0 0 0 -28.220000 -92.500000 -28.220000 -92.500000 -28.220000 -92.500000 0.0 0 
2.967060
 1 369 369 p_village_170 Tajura 2114575 0 0 3 0 0 0 0 0 -60.660000 -112.080000 -60.660000 -112.080000 -60.660000 -112.080000 0.0 0 
2.967060
 1 370 370 p_village_171 Mugudusu 2114575 0 0 3 0 0 0 0 0 -57.500000 -136.500000 -57.500000 -136.500000 -57.500000 -136.500000 0.0 0 
2.967060
 1 371 371 p_village_172 Masamiki 2114575 0 0 3 0 0 0 0 0 -83.280000 -178.600000 -83.280000 -178.600000 -83.280000 -178.600000 0.0 0 
2.967060
 1 372 372 p_village_173 Cape 2114575 0 0 3 0 0 0 0 0 -125.000000 -247.600000 -125.000000 -247.600000 -125.000000 -247.600000 0.0 0 
2.967060
 1 373 373 p_village_174 Cango 2114575 0 0 3 0 0 0 0 0 -144.530000 -179.310000 -144.530000 -179.310000 -144.530000 -179.310000 0.0 0 
2.967060
 1 374 374 p_village_175 Antigo 2114575 0 0 3 0 0 0 0 0 -419.840000 -123.290000 -419.840000 -123.290000 -419.840000 -123.290000 0.0 0 
2.967060
 1 375 375 p_village_176 San_Tome 2114575 0 0 3 0 0 0 0 0 -418.540000 -231.650000 -418.540000 -231.650000 -418.540000 -231.650000 0.0 0 
2.967060
 1 376 376 p_village_177 Bowatan 2114575 0 0 3 0 0 0 0 0 -493.040000 -189.700000 -493.040000 -189.700000 -493.040000 -189.700000 0.0 0 
2.967060
 1 377 377 p_village_178 Tacamucock 2114575 0 0 3 0 0 0 0 0 -515.100000 -208.980000 -515.100000 -208.980000 -515.100000 -208.980000 0.0 0 
2.967060
 1 378 378 p_village_179 Bancalon 2114575 0 0 3 0 0 0 0 0 -212.550000 -59.100000 -212.550000 -59.100000 -212.550000 -59.100000 0.0 0 
2.967060
 1 379 379 p_village_180 Beidanian 2114575 0 0 3 0 0 0 0 0 -171.360000 90.950000 -171.360000 90.950000 -171.360000 90.950000 0.0 0 
2.967060
 1 380 380 p_village_181 Greenland 2114575 0 0 3 0 0 0 0 0 -382.100000 130.400000 -382.100000 130.400000 -382.100000 130.400000 0.0 0 
2.967060
 1 381 381 p_village_182 Surilan 2114575 0 0 3 0 0 0 0 0 -429.320000 -185.900000 -429.320000 -185.900000 -429.320000 -185.900000 0.0 0 
2.967060
 1 382 382 p_village_183 Calon 2114575 0 0 3 0 0 0 0 0 -211.300000 -100.930000 -211.300000 -100.930000 -211.300000 -100.930000 0.0 0 
2.967060
 1 383 383 p_village_184 Bate 2114575 0 0 3 0 0 0 0 0 -240.000000 -107.300000 -240.000000 -107.300000 -240.000000 -107.300000 0.0 0 
2.967060
 1 384 384 p_village_185 Oyo 2114575 0 0 3 0 0 0 0 0 -196.400000 -142.000000 -196.400000 -142.000000 -196.400000 -142.000000 0.0 0 
2.967060
 1 385 385 p_village_186 Jiugang 2114575 0 0 3 0 0 0 0 0 127.850000 -138.150000 127.850000 -138.150000 127.850000 -138.150000 0.0 0 
2.967060
 1 386 386 p_village_187 Ramu 2114575 0 0 3 0 0 0 0 0 -67.160000 -142.470000 -67.160000 -142.470000 -67.160000 -142.470000 0.0 0 
2.967060
 1 387 387 p_village_188 Uganda 2114575 0 0 3 0 0 0 0 0 -100.330000 -149.580000 -100.330000 -149.580000 -100.330000 -149.580000 0.0 0 
2.967060
 1 388 388 p_village_189 Caragaz 2114575 0 0 3 0 0 0 0 0 -534.160000 -218.310000 -534.160000 -218.310000 -534.160000 -218.310000 0.0 0 
2.967060
 1 389 389 p_village_190 Crides 2114575 0 0 3 0 0 0 0 0 -469.500000 74.800000 -469.500000 74.800000 -469.500000 74.800000 0.0 0 
2.967060
 1 390 390 p_village_191 Atcaki 2114575 0 0 3 0 0 0 0 0 45.860000 -108.710000 45.860000 -108.710000 45.860000 -108.710000 0.0 0 
2.967060
 1 391 391 p_village_192 Hawaii_island 2114575 0 0 3 0 0 0 0 0 223.620000 -18.600000 223.620000 -18.600000 223.620000 -18.600000 0.0 0 
2.967060
 1 392 392 p_village_193 village 2114831 0 0 3 0 0 0 0 0 563.000000 207.000000 563.000000 207.000000 563.000000 207.000000 0.0 0 
2.967060
 1 393 393 p_gate1 Hebua 2114575 0 0 3 0 0 0 0 0 469.820000 -200.910000 469.820000 -200.910000 469.820000 -200.910000 0.0 0 
1.745329
 1 394 394 p_gate2 San_Anna 2114575 0 0 3 0 0 0 0 0 -455.040000 -257.500000 -455.040000 -257.500000 -455.040000 -257.500000 0.0 0 
1.745329
 1 395 395 p_dungeon1 Spanish_Manor 2114575 0 0 3 0 0 0 0 0 -426.520000 -85.030000 -426.520000 -85.030000 -426.520000 -85.030000 0.0 0 
1.745329
 1 396 396 p_dungeon2 Diaoyudao 2114575 0 0 3 0 0 0 0 0 171.070000 -50.930000 171.070000 -50.930000 171.070000 -50.930000 0.0 0 
1.745329
 1 397 397 p_dungeon3 Bermuda 2114575 0 0 3 0 0 0 0 0 -370.210000 64.940000 -370.210000 64.940000 -370.210000 64.940000 0.0 0 
1.745329
 1 398 398 p_dungeon4 Mari_tomb 2114575 0 0 3 0 0 0 0 0 -201.830000 -130.930000 -201.830000 -130.930000 -201.830000 -130.930000 0.0 0 
1.745329
 1 399 399 p_dungeon5 The_desert 2114575 0 0 3 0 0 0 0 0 -92.470000 -80.920000 -92.470000 -80.920000 -92.470000 -80.920000 0.0 0 
1.745329
 1 400 400 p_dungeon8 Dongcang 2114575 0 0 3 0 0 0 0 0 140.290000 -31.340000 140.290000 -31.340000 140.290000 -31.340000 0.0 0 
1.745329
 1 401 401 p_dungeon9 skycity 2114575 0 0 3 0 0 0 0 0 -59.800000 -35.590000 -59.800000 -35.590000 -59.800000 -35.590000 0.0 0 
1.745329
 1 402 402 p_dungeon10 Cossack's_Storehouse 2114575 0 0 3 0 0 0 0 0 -72.730000 21.230000 -72.730000 21.230000 -72.730000 21.230000 0.0 0 
1.745329
 1 403 403 p_dungeon11 HoaryArena 2114575 0 0 3 0 0 0 0 0 -195.690000 26.100000 -195.690000 26.100000 -195.690000 26.100000 0.0 0 
1.745329
 1 404 404 p_salt_mine Salt_Mine 2114816 0 0 3 0 0 0 0 0 14.200000 -31.000000 14.200000 -31.000000 14.200000 -31.000000 0.0 0 
0.000000
 1 405 405 p_four_ways_inn Four_Ways_Inn 2114816 0 0 3 0 0 0 0 0 4.800000 -39.600000 4.800000 -39.600000 4.800000 -39.600000 0.0 0 
0.000000
 1 406 406 p_test_scene test_scene 2114816 0 0 3 0 0 0 0 0 10.800000 -19.600000 10.800000 -19.600000 10.800000 -19.600000 0.0 0 
0.000000
 1 407 407 p_battlefields battlefields 2114816 0 0 3 0 0 0 0 0 10.800000 -16.600000 10.800000 -16.600000 10.800000 -16.600000 0.0 0 
0.000000
 1 408 408 p_dhorak_keep Dhorak_Keep 2639104 0 0 3 0 0 0 0 0 -50.000000 -58.000000 -50.000000 -58.000000 -50.000000 -58.000000 0.0 0 
0.000000
 1 409 409 p_training_ground Training_Ground 2114856 0 0 3 0 0 0 0 0 -185.191000 16.549900 -185.191000 16.549900 -185.191000 16.549900 0.0 0 
0.000000
 1 410 410 p_training_ground_1 Training_Field 2118696 0 0 3 0 0 0 0 0 -91.612000 21.965300 -91.612000 21.965300 -91.612000 21.965300 0.0 0 
1.745329
 1 411 411 p_training_ground_2 Training_Field 2118696 0 0 3 0 0 0 0 0 -179.580000 -51.104300 -179.580000 -51.104300 -179.580000 -51.104300 0.0 0 
1.745329
 1 412 412 p_training_ground_3 Training_Field 2118696 0 0 3 0 0 0 0 0 10.220000 27.327700 10.220000 27.327700 10.220000 27.327700 0.0 0 
1.745329
 1 413 413 p_training_ground_4 Training_Field 2118696 0 0 3 0 0 0 0 0 139.030000 -5.430000 139.030000 -5.430000 139.030000 -5.430000 0.0 0 
1.745329
 1 414 414 p_training_ground_5 Training_Field 2118696 0 0 3 0 0 0 0 0 151.763000 39.669600 151.763000 39.669600 151.763000 39.669600 0.0 0 
1.745329
 1 415 415 p_manor_1 Manor 2114816 0 0 3 0 0 0 0 0 49.296600 -11.895360 49.296600 -11.895360 49.296600 -11.895360 0.0 0 
2.967060
 1 416 416 p_bridge_1 {!}1 541965 0 0 3 0 0 0 0 0 564.800000 201.320000 564.800000 201.320000 564.800000 201.320000 0.0 0 
1.235693
 1 417 417 p_bridge_2 {!}2 541739 0 0 3 0 0 0 0 0 179.030000 26.430000 179.030000 26.430000 179.030000 26.430000 0.0 0 
3.490658
 1 418 418 p_bridge_3 {!}2 541739 0 0 3 0 0 0 0 0 176.000000 30.500000 176.000000 30.500000 176.000000 30.500000 0.0 0 
4.014257
 1 419 419 p_bridge_4 {!}2 541739 0 0 3 0 0 0 0 0 171.200000 32.700000 171.200000 32.700000 171.200000 32.700000 0.0 0 
4.468043
 1 420 420 p_bridge_5 {!}5 541739 0 0 3 0 0 0 0 0 116.100000 9.610000 116.100000 9.610000 116.100000 9.610000 0.0 0 
-1.047198
 1 421 421 p_bridge_6 {!}6 541739 0 0 3 0 0 0 0 0 111.240000 9.040000 111.240000 9.040000 111.240000 9.040000 0.0 0 
1.745329
 1 422 422 p_bridge_7 {!}7 541739 0 0 3 0 0 0 0 0 103.560000 10.030000 103.560000 10.030000 103.560000 10.030000 0.0 0 
-1.832596
 1 423 423 p_bridge_8 {!}8 541739 0 0 3 0 0 0 0 0 153.700000 19.210000 153.700000 19.210000 153.700000 19.210000 0.0 0 
3.926991
 1 424 424 p_bridge_9 {!}9 541739 0 0 3 0 0 0 0 0 148.870000 21.010000 148.870000 21.010000 148.870000 21.010000 0.0 0 
4.625122
 1 425 425 p_bridge_10 {!}10 541739 0 0 3 0 0 0 0 0 123.600000 15.880000 123.600000 15.880000 123.600000 15.880000 0.0 0 
4.974188
 1 426 426 p_bridge_11 {!}11 541739 0 0 3 0 0 0 0 0 129.120000 17.690000 129.120000 17.690000 129.120000 17.690000 0.0 0 
5.148721
 1 427 427 p_bridge_12 {!}12 541739 0 0 3 0 0 0 0 0 143.270000 20.260000 143.270000 20.260000 143.270000 20.260000 0.0 0 
4.974188
 1 428 428 p_bridge_14 {!}14 541739 0 0 3 0 0 0 0 0 165.850000 32.500000 165.850000 32.500000 165.850000 32.500000 0.0 0 
4.974188
 1 429 429 p_looter_spawn_point {!}looter_sp 1280 0 0 2 0 0 0 0 0 -135.378000 5.836880 -135.378000 5.836880 -135.378000 5.836880 0.0 1 625 15 0 0 
0.000000
 1 430 430 p_steppe_bandit_spawn_point the_steppes 1280 0 0 2 0 0 0 0 0 -80.999400 24.287200 -80.999400 24.287200 -80.999400 24.287200 0.0 1 625 15 0 0 
0.000000
 1 431 431 p_taiga_bandit_spawn_point the_tundra 1280 0 0 2 0 0 0 0 0 31.407500 13.425900 31.407500 13.425900 31.407500 13.425900 0.0 1 625 15 0 0 
0.000000
 1 432 432 p_forest_bandit_spawn_point the_forests 1280 0 0 2 0 0 0 0 0 234.220000 -13.120000 234.220000 -13.120000 234.220000 -13.120000 0.0 1 625 15 0 0 
0.000000
 1 433 433 p_mountain_bandit_spawn_point the_highlands 1280 0 0 2 0 0 0 0 0 141.010000 -20.080000 141.010000 -20.080000 141.010000 -20.080000 0.0 1 625 15 0 0 
0.000000
 1 434 434 p_sea_raider_spawn_point_1 the_coast 1280 0 0 2 0 0 0 0 0 -295.430000 23.460000 -295.430000 23.460000 -295.430000 23.460000 0.0 1 625 15 0 0 
0.000000
 1 435 435 p_sea_raider_spawn_point_2 the_coast 1280 0 0 2 0 0 0 0 0 -277.353000 -34.156900 -277.353000 -34.156900 -277.353000 -34.156900 0.0 1 625 15 0 0 
0.000000
 1 436 436 p_desert_bandit_spawn_point the_deserts 1280 0 0 2 0 0 0 0 0 -175.644000 -52.417400 -175.644000 -52.417400 -175.644000 -52.417400 0.0 1 625 15 0 0 
0.000000
 1 437 437 p_african_tribesman_spawn_point the_african_tribesman 1280 0 0 2 0 0 0 0 0 -194.750000 -117.320000 -194.750000 -117.320000 -194.750000 -117.320000 0.0 1 625 15 0 0 
0.000000
 1 438 438 p_wokou_spawn_point the_wokou 1280 0 0 2 0 0 0 0 0 180.990000 -42.000000 180.990000 -42.000000 180.990000 -42.000000 0.0 1 625 15 0 0 
0.000000
 1 439 439 p_indu_spawn_point the_indu 1280 0 0 2 0 0 0 0 0 8.600000 -119.650000 8.600000 -119.650000 8.600000 -119.650000 0.0 1 625 15 0 0 
0.000000
 1 440 440 p_indian_spawn_point the_indian 1280 0 0 2 0 0 0 0 0 -520.230000 2.090000 -520.230000 2.090000 -520.230000 2.090000 0.0 1 625 15 0 0 
0.000000
 1 441 441 p_spawn_points_end {!}last_spawn_point 1280 0 0 1 0 0 0 0 0 0.000000 0.000000 0.000000 0.000000 0.000000 0.000000 0.0 1 625 15 0 0 
0.000000
 1 442 442 p_reserved_1 {!}last_spawn_point 1280 0 0 1 0 0 0 0 0 0.000000 0.000000 0.000000 0.000000 0.000000 0.000000 0.0 1 625 15 0 0 
0.000000
 1 443 443 p_reserved_2 {!}last_spawn_point 1280 0 0 1 0 0 0 0 0 0.000000 0.000000 0.000000 0.000000 0.000000 0.000000 0.0 1 625 15 0 0 
0.000000
 1 444 444 p_reserved_3 {!}last_spawn_point 1280 0 0 1 0 0 0 0 0 0.000000 0.000000 0.000000 0.000000 0.000000 0.000000 0.0 1 625 15 0 0 
0.000000
 1 445 445 p_reserved_4 {!}last_spawn_point 1280 0 0 1 0 0 0 0 0 0.000000 0.000000 0.000000 0.000000 0.000000 0.000000 0.0 1 625 15 0 0 
0.000000
 1 446 446 p_reserved_5 {!}last_spawn_point 1280 0 0 1 0 0 0 0 0 0.000000 0.000000 0.000000 0.000000 0.000000 0.000000 0.0 1 625 15 0 0 
0.000000
 1 447 447 p_outpost_1 Outpost 4212008 0 0 1 0 0 0 0 0 0.000000 0.000000 0.000000 0.000000 0.000000 0.000000 0.0 0 
0.000000
 1 448 448 p_outpost_2 Outpost 4211983 0 0 1 0 0 0 0 0 1.000000 -1.000000 1.000000 -1.000000 1.000000 -1.000000 0.0 0 
0.000000
 1 449 449 p_fort Fort 4216094 0 0 1 0 0 0 0 0 1.000000 1.000000 1.000000 1.000000 1.000000 1.000000 0.0 0 
0.000000
 1 450 450 p_zhai My_Village 17679 0 0 3 0 0 0 0 0 14.200000 -31.000000 14.200000 -31.000000 14.200000 -31.000000 0.0 0 
0.000000
