1
1
1
1
1
1
1
1
1
1
1
1
1
1
1
1
1
1
1
1
1
1
1
1
1
1
1
1
1
1
1
1
1
1
1
1
1
1
1
1
1
1
1
1
1
1
1
1
1
1
1
1
1
1
1
1
1
1
1
1
1
1
1
1
1
1
1
1
1
1
1
1
1
1
1
1
1
1
1
1
1
1
1
1
1
1
1
1
1
1
1
1
1
1
1
1
1
1
1
1
6
2
6
4
3
2
2
2
6
6
7
6
5
6
11
1733
12
339
123
23
58
96
7
2
16
27
6
6
2
3
2
3
2
2
8
177
31
31
2
7
8
50
2
2
2
20
13
5
6
53
6
7
96
7
6
5
5
2
2
22
4
15
25
6
2
2
6
2
10
5
2
5
4
9
4
11
3
7
9
2
4
3
4
4
4
2
2
9
2
3
5
15
4
8
34
2
16
2
17
6
4
2
18
2
5
3
5
3
165
4
3
17
18
11
11
11
6
4
2
19
3
2
8
4
18
2
6
5
5
5
9
4
9
3
3
10
15
7
237
2
1
2
4
2
2
2
2
5
2
6
4
4
4
4
4
25
2
2
4
6
3
3
2
6
2
3
4
4
4
23
17
4
2
2
2
3
3
3
9
3
2
2
2
2
51
3
5
3
2
3
25
331
2
1
1
5
50
198
1
23
6
8
6
4
18
6
3
19
21
4
3
16
13
12
10
4
66
40
6
13
13
286
5
2
4
3
2
2
2
9
2
2
2
3
4
3
2
3
6
7
7
561
10
21
3
18
3
4
5
2
12
4
2
16
3
2
5
10
4
3
3
2
3
2
8
2
2
3
12
5
2
3
10
11
7
3
3
2
11
3
5
5
2
5
4
2
17
5
5
5
5
5
2
9
4
7
2
2
2
6
5
811
2
2
12
2
15
3
13
3
14
21
5
42
4
528
3
2
2
2
11
2
2
2
2
21
31
20
3
3
30
15
30
11
3
3
10
10
4
9
11
4
7
2
8
2
2
2
2
2
2
3
6
3
3
1
13
2
2
2
2
2
2
2
2
2
6
1
25
3
3
3
3
3
2
1
14
2
2
2
2
2
2
2
1
9
2
2
2
2
2
2
1
11
9
292
9
17
9
3
2
2
21
2
2
3
3
2
2
2
9
13
38
36
9
5
36
10
7
12
3
2
2
10
4
13
11
20
18
15
15
15
16
16
16
17
9
9
7
2
2
2
2
2
2
2
2
2
3
4
3
5
4
4
4
4
4
4
6
6
5
5
4
4
4
4
4
4
4
9
7
10
4
4
4
11
4
4
4
4
4
4
4
4
4
4
4
4
4
12
4
4
4
4
34
7
7
3
4
7
3
7
3
4
3
2
2
4
15
6
7
3
7
3
7
3
7
3
7
3
7
3
7
3
7
3
7
3
4
4
2
2
2
2
8
6
5
5
2
2
2
2
2
40
24
7
4
2
5
2
2
5
5
19
13
14
8
6
5
2
4
3
4
4
4
5
5
7
5
5
5
4
4
2
4
5
4
15
4
4
4
4
4
4
2
3
4
4
3
3
5
2
4
3
3
4
4
3
3
2
4
4
32
20
5
44
4
4
3
3
3
3
3
3
3
4
4
3
3
3
3
3
3
4
4
3
3
3
3
4
4
3
3
3
3
4
4
3
3
3
3
4
4
3
3
17
3
5
4
4
2
3
3
2
8
8
8
8
8
8
8
8
8
38
38
38
38
38
38
38
38
38
3
38
26
8
12
12
12
38
26
8
12
12
12
38
26
8
12
12
12
38
26
8
12
12
12
38
26
8
12
12
12
38
26
8
12
12
12
38
26
8
12
12
12
38
26
8
12
12
12
38
26
8
12
12
12
23
24
24
21
18
16
15
18
3
3
11
7
7
7
7
4
4
4
4
4
4
4
4
4
4
4
4
10
8
9
8
10
5
5
6
6
6
7
5
3
3
3
3
7
7
7
6
4
4
3
3
1
1
3
1
7
3
2
3
17
3
34
15
22
22
4
4
11
8
19
19
27
27
19
9
7
7
7
7
6
23
10
5
5
13
12
12
24
143
32
5
12
3
10
19
1
36
33
3
3
2
9
10
11
10
28
18
6
4
9
3
2
2
2
2
3
5
2
4
2
4
7
3
12
3
3
3
4
4
5
2
4
4
7
3
3
3
18
13
4
4
5
4
2
6
6
5
2
3
7
2
5
3
3
10
2
3
3
3
2
2
5
5
8
8
2
3
28
3
5
2
3
2
2
2
2
30
80
27
3
2
2
3
3
23
10
12
12
9
3
3
3
3
2
17
6
2
7
21
12
2
3
11
11
10
10
9
5
9
11
7
8
4
2
3
2
2
3
2
12
12
8
8
3
3
4
3
4
1
13
6
6
3
3
2
2
3
6
18
17
5
10
12
5
2
3
3
14
11
16
7
8
3
14
14
29
29
28
29
29
28
17
8
15
8
15
8
12
8
15
8
15
8
16
3
13
3
10
10
8
6
9
14
7
6
4
4
2
2
2
2
2
2
2
2
2
2
2
2
2
3
2
2
2
2
5
2
2
2
3
2
1
3
1
19
2
1
15
2
1
7
7
7
7
7
7
9
3
4
16
1
3
7
11
6
8
2
4
2
2
2
2
2
2
2
2
2
2
2
4
5
9
13
7
2
16
4
5
3
10
2
2
2
9
3
3
4
2
4
7
2
6
2
2
5
5
2
1
5
5
3
3
39
45
2
1
1
1
2
7
4
2
2
4
3
6
3
43
5
6
7
8
2
3
1
16
3
2
3
3
4
16
6
6
1
23
812
1106
4
241
475
199
141
141
47
47
47
190
94
94
141
94
1
16
16
16
16
16
16
2
15
12
3
3
74
1
1
1
1
2
2
2
4
0
56
9
12
7
11
34
5
5
9
3
5
13
1
1
1
1
1
7
5
5
3
3
6
6
9
3
3
3
3
3
2
2
2
39
3
73
26
9
6
10
2
2
2
2
2
3
2
2
11
4
60
4
4
4
3
3
3
11
6
14
15
17
6
25
3
6
2
2
2
2
2
14
14
12
12
20
3
1
1
2
2
2
2
4
4
2
1
88
15
10
4
4
4
4
4
4
4
8
7
6
4
4
4
4
30
283
283
283
283
95
95
95
95
48
70
83
16
16
4
4
48
1
2
1
